Gender,Married,Dependents,Education,Self_Employed,ApplicantIncome,CoapplicantIncome,LoanAmount,Loan_Amount_Term,Credit_History,Property_Area
1.0,1.0,2.0,0.0,1.0,3881.0,0.0,147.0,360.0,0.0,3.0
1.0,0.0,0.0,1.0,1.0,0.0,24000.0,148.0,360.0,0.0,3.0
1.0,0.0,0.0,1.0,1.0,3150.0,0.0,176.0,360.0,0.0,2.0
1.0,0.0,0.0,1.0,1.0,2750.0,0.0,130.0,360.0,0.0,1.0
0.0,1.0,2.0,1.0,1.0,2779.0,3664.0,176.0,360.0,0.0,2.0
0.0,0.0,0.0,1.0,1.0,2101.0,1500.0,108.0,360.0,0.0,3.0
1.0,1.0,0.0,0.0,1.0,4700.0,0.0,135.0,360.0,0.0,2.0
1.0,1.0,0.0,1.0,1.0,3445.0,0.0,130.0,360.0,0.0,2.0
1.0,1.0,0.0,1.0,1.0,2458.0,5105.0,188.0,360.0,0.0,3.0
1.0,1.0,3.0,1.0,1.0,3829.0,1103.0,163.0,360.0,0.0,1.0
1.0,1.0,2.0,0.0,1.0,4136.0,0.0,149.0,480.0,0.0,3.0
1.0,1.0,1.0,1.0,1.0,4609.0,2333.0,123.0,360.0,0.0,2.0
0.0,0.0,0.0,1.0,1.0,1762.0,2666.0,104.0,360.0,0.0,1.0
1.0,1.0,2.0,1.0,1.0,724.0,3510.0,213.0,360.0,0.0,3.0
1.0,0.0,0.0,1.0,1.0,2500.0,6414.0,187.0,360.0,0.0,3.0
0.0,0.0,0.0,1.0,1.0,12500.0,0.0,300.0,360.0,0.0,1.0
1.0,0.0,0.0,1.0,1.0,6500.0,0.0,71.0,360.0,0.0,1.0
1.0,0.0,0.0,1.0,1.0,4727.0,0.0,150.0,360.0,0.0,3.0
1.0,0.0,0.0,0.0,0.0,8703.0,0.0,199.0,360.0,0.0,3.0
1.0,1.0,1.0,0.0,1.0,2463.0,2360.0,117.0,360.0,0.0,1.0
1.0,0.0,0.0,0.0,1.0,2268.0,0.0,170.0,360.0,0.0,2.0
1.0,0.0,2.0,0.0,1.0,1141.0,2017.0,120.0,360.0,0.0,1.0
1.0,0.0,0.0,1.0,1.0,3017.0,2845.0,159.0,180.0,0.0,1.0
1.0,1.0,0.0,0.0,1.0,2431.0,1820.0,110.0,360.0,0.0,3.0
1.0,1.0,3.0,0.0,1.0,2654.0,1998.0,128.0,360.0,0.0,3.0
1.0,1.0,1.0,1.0,1.0,4796.0,0.0,114.0,360.0,0.0,2.0
1.0,1.0,2.0,1.0,1.0,2540.0,700.0,104.0,360.0,0.0,1.0
1.0,0.0,0.0,1.0,1.0,5333.0,2400.0,200.0,360.0,0.0,3.0
0.0,0.0,2.0,1.0,0.0,5184.0,0.0,187.0,360.0,0.0,2.0
1.0,1.0,3.0,0.0,1.0,5180.0,0.0,125.0,360.0,0.0,1.0
1.0,0.0,0.0,1.0,1.0,14911.0,14507.0,130.0,360.0,1.0,2.0
1.0,0.0,0.0,1.0,1.0,2231.0,2774.0,176.0,360.0,0.0,1.0
0.0,0.0,0.0,1.0,1.0,2274.0,5211.0,117.0,360.0,0.0,2.0
1.0,1.0,0.0,1.0,1.0,3887.0,1517.0,105.0,360.0,0.0,2.0
1.0,1.0,3.0,1.0,1.0,3242.0,437.0,142.0,480.0,0.0,1.0
0.0,1.0,1.0,0.0,1.0,3835.0,1400.0,112.0,480.0,0.0,1.0
1.0,1.0,2.0,1.0,1.0,5833.0,750.0,49.0,360.0,0.0,3.0
1.0,1.0,2.0,1.0,1.0,5667.0,440.0,130.0,360.0,0.0,2.0
0.0,0.0,0.0,1.0,1.0,3500.0,0.0,94.0,360.0,0.0,2.0
0.0,1.0,2.0,1.0,1.0,10000.0,11666.0,460.0,360.0,1.0,1.0
0.0,1.0,0.0,1.0,1.0,2241.0,2000.0,88.0,360.0,0.0,1.0
0.0,0.0,3.0,1.0,1.0,2366.0,5272.0,153.0,360.0,0.0,3.0
1.0,1.0,0.0,0.0,1.0,1700.0,2900.0,67.0,360.0,0.0,1.0
0.0,0.0,0.0,1.0,1.0,4333.0,2333.0,162.0,360.0,0.0,3.0
1.0,1.0,0.0,1.0,1.0,3391.0,1966.0,133.0,360.0,0.0,3.0
1.0,1.0,3.0,0.0,1.0,5316.0,187.0,158.0,180.0,0.0,2.0
